140825071635 0
140825072147 1
140825072742 0
140825073705 0
140825074453 0
140825075117 0
140825080556 0
140825082152 1
140825082956 0
140825084527 1
140825085401 0
140825091314 1
140825092009 0
140825094844 0
140826070711 0
140826070921 1
140826071656 0
140826072201 0
140826072502 0
140826072926 1
140826073513 0
140826074236 0
140826074701 1
140826075145 0
140826080854 0
140827071018 1
140827071341 1
140827071752 0
140827072129 0
140827072703 0
140827073504 0
140827074204 1
140827074654 0
140827075518 1
140827075853 0
140827080347 1
140827081234 1
140827081621 1
140827082254 0
140827082728 0
140827083300 0
140827084518 0
140827091455 0
140828072114 0
140828073135 0
140828073532 0
140828074208 0
140828075215 1
140828075916 1
140828081233 0
140828082728 1
140828085042 0
140828085757 0
140829071443 1
140829073805 1
140829074446 0
140829074831 1
140829075306 1
140829075642 0
140829080107 0
140829081241 1
140829081729 1
140829082548 1
140829082916 0
140829084351 1
140829085304 1
140829085748 0
140829090254 0
140829091018 1
140829091210 0
140829091429 0
140829091953 1
140829092611 0
140829093031 1
140829093554 0
140830071419 0
140830071851 1
140830072915 0
140830073822 1
140830074131 0
140830075049 0
140830075555 0
140830081024 0
140830081341 1
140830081752 1
140830083324 0
140830083826 1
140830085053 0
140830091037 0
140831071127 0
140831071425 0
140831072316 1
140831072722 0
140831073407 1
140831074407 0
140831074750 0
140831075759 0
140831080636 1
140831081101 0
140831081534 1
140831081958 0
140831082516 0
140831083410 1
140831084532 0
140831085047 0
140831091733 0
140901070318 1
140901070507 0
140901070701 1
140901071112 0
140901071703 0
140901072125 0
140901072615 1
140901073418 0
140901074046 0
140901074540 0
140901075437 1
140901075622 0
140901081253 0
140902071342 1
140902072836 1
140902074144 0
140902074614 0
140902075057 1
140902075758 0
140902080200 0
140902080416 1
140902081622 1
140902082629 0
140902091603 1
140903071607 0
140903072040 0
140903072650 0
140903072931 0
140903073509 0
140903074034 1
140903075521 0
140903075834 0
140903080613 0
140903082154 0
140903082742 0
140903083914 0
140903084823 0
140903085053 0
140903085830 0
140903090059 1
140903091044 1
140904070538 0
140904071228 1
140904072006 1
140904073804 1
140904080058 0
140904080713 1
140904082045 0
140904082322 0
140904083036 0
140904083234 0
140904083804 0
140904090318 0
140904091614 1
140904092406 0
140905070929 0
140905071229 0
140905071932 0
140905072759 1
140905073114 1
140905073710 0
140905075143 1
140905075855 0
140905080243 0
140905080808 1
140905081157 0
140905081538 0
140905081746 0
140905082559 0
140906071358 0
140906072157 1
140906073225 0
140906073747 1
140906074207 1
140906074626 0
140906075702 0
140906075857 1
140906080427 0
140906083733 1
140906085446 1
140906092652 0
140906093132 0
140909070801 0
140909071953 0
140909072825 1
140909074012 0
140909074750 0
140909075009 0
140909075318 1
140909075828 0
140909081209 0
140909081434 0
140909083337 0
140909084907 0
140910071154 1
140910072008 0
140910072524 0
140910072828 0
140910073725 0
140910074646 0
140910075214 0
140910075631 0
140910080614 0
140910081821 1
140910082046 0
140910082406 0
140910082944 0
140910083516 0
140910084350 0
140910085251 0
140910085704 0
140910090333 0
140911072511 0
140911073153 0
140911073534 1
140911074246 0
140911074638 0
140911075718 0
140911075933 0
140911080507 0
140911080813 0
140911081318 0
140911081808 1
140911082242 0
140911082640 0
140911083107 1
140911083927 1
140911085040 0
140911085325 1
140911085659 1
140911085949 0
140912071535 0
140912072159 0
140912072449 1
140912073618 1
140912074209 1
140912075124 1
140912075603 0
140912080030 0
140912081548 0
140912082548 0
140912083044 0
140912083932 1
140912084204 1
140913071333 1
140913071803 1
140913072314 1
140913072809 1
140913074346 1
140913075035 0
140913075457 0
140913075921 0
140913081005 1
140913081152 0
140913082243 1
140913082831 0
140913083247 0
140913083727 0
140913084203 0
140913162311 0
140914072306 0
140914072748 1
140914073756 0
140914074250 0
140914075008 0
140914075600 1
140914080633 0
140914081132 1
140914081743 1
140914082139 1
140914082512 0
140914082856 0
140914083410 0
140914084643 0
140914090406 0
140915071541 0
140915071811 0
140915073217 0
140915075042 0
140915075257 1
140915080033 0
140915080548 1
140915081453 1
140915081945 0
140915082629 1
140915082900 1
140915084301 0
140915084513 0
140915085114 0
140915090522 0
140915090748 0
140915150715 0
140916072507 0
140916073610 0
140916074108 0
140916075128 0
140916080003 1
140916080711 1
140916081404 0
140916081956 1
140916082444 1
140916083007 0
140916083515 0
140916084948 0
140917071616 1
140917072259 0
140917073041 0
140917073757 0
140917074549 0
140917075201 0
140917075554 0
140917080344 0
140917080751 1
140918071448 0
140918072117 1
140918072558 0
140918073451 1
140918073701 0
140918074323 1
140918074838 0
140918075337 0
140918075908 1
140918081705 0
140918082121 0
140918082519 1
140918082941 0
140918085044 1
140918085334 0
140918091432 1
140918092018 0
140919071325 1
140919071539 0
140919072920 0
140919073221 0
140919073835 0
140919074527 0
140919075526 1
140919080659 0
140919080840 0
140919082343 1
140919082646 0
140919084002 1
140920072659 0
140920073223 0
140920073712 0
140920074858 0
140920075912 0
140920080407 0
140920080840 0
140920081245 1
140920082634 0
140920082952 0
140920083412 1
140920083708 1
140920084406 0
140920085203 0
140920090542 0
140921070859 1
140921071637 1
140921072206 1
140921073044 1
140921073546 1
140921073740 0
140921074238 1
140921074709 0
140921075546 1
140921075955 1
140921080822 0
140921081402 0
140921082437 1
140921083111 1
140921084958 1
140921085641 0
140922072053 0
140922073231 1
140922073643 0
140922074334 0
140922074718 1
140922075420 1
140922080328 0
140922080827 0
140922081907 0
140923071741 0
140923072417 1
140923072804 1
140923073327 1
140923073802 1
140923074834 1
140923075432 0
140923075756 1
140923080433 1
140923081424 1
140923081911 1
140923082545 0
140923083030 0
140923083357 0
140923083810 0
140923084455 0
140923085835 1
140923090256 0
140923090827 0
140923091256 0
140923094436 1
140924071143 1
140924072222 1
140924073133 1
140924073855 0
140924075902 1
140924080409 0
140924080953 1
140924081349 0
140924081700 1
140924082050 1
140924083043 0
140924083623 0
140924083903 0
140924084111 0
140924084256 1
140924084657 0
140924084931 0
140924085412 0
140924085735 1
140924091411 0
140924092639 0
140925070349 1
140925070902 0
140925071855 0
140925073007 0
140925073638 0
140925073925 0
140925074346 0
140925074648 0
140925075110 0
140925075433 0
140925080021 0
140925080517 1
140925080922 0
140925081224 1
140925081939 0
140925082259 1
140925082721 0
140925083658 1
140925093035 1
140926071001 0
140926071546 0
140926071949 1
140926072312 1
140926072647 0
140926072941 1
140926073600 1
140926074045 1
140926074606 1
140926075456 1
140926080012 1
140926080237 1
140926080641 1
140926081150 1
140926082447 0
140926082849 0
140926083347 0
140926084055 1
140926084443 1
140926085207 1
140926094025 0
140927070948 0
140927071617 1
140927072532 1
140927072824 0
140927073427 0
140927074114 0
140927074725 0
140927075339 0
140927075808 0
140927080227 0
140927080753 1
140927081232 0
140927081751 0
140928070748 0
140928071335 1
140928072437 0
140928072920 0
140928073512 0
140928073959 0
140928074730 0
140928075301 0
140928075639 0
140928080349 0
140928080819 1
140928083023 0
140928083351 0
140928083720 0
140928084018 1
140928084437 1
140928085516 0
140929072000 0
140929072604 0
140929073246 1
140929075543 0
140929080000 0
140929080801 0
140929081322 0
140929082839 0
140929083145 0
140929083755 1
140929084340 0
140929084841 0
140929085329 0
140929085617 0
140929090144 0
140929091154 0
141018071649 0
141018072043 0
141018072559 1
141018074011 0
141018074905 1
141018075317 0
141018075824 1
141018080148 1
141018080631 0
141018081037 1
141018081734 0
141018082207 0
141018082824 0
141018084315 1
141019070820 0
141019073026 1
141019073321 0
141019073955 1
141019074437 1
141019075411 0
141019075759 1
141019081534 1
141019084438 0
141020070710 0
141020071209 1
141020071932 0
141020072424 1
141020072746 0
141020073503 0
141020074457 1
141020074925 1
141020080527 0
141020080959 0
141020081831 0
141020082717 0
141020083609 0
141020084009 0
141020091520 1
141020093733 1
141021070602 1
141021071000 1
141021071429 1
141021072811 0
141021073137 1
141021074414 0
141021074623 0
141021074839 0
141021080228 1
141021081924 0
141021082303 0
141021083215 0
141021091437 1
141021091704 1
141021093641 1
141021094513 1
141021095058 0
141022070645 0
141022071022 0
141022071528 0
141022072152 1
141022073040 1
141022073329 0
141022073837 1
141022074506 0
141022074959 1
141022075539 1
141022080411 1
141022080722 0
141022081518 1
141022082113 0
141022082528 0
141022083144 1
141022084411 1
141022084830 0
141022085357 0
141023070843 0
141023071312 1
141023072129 0
141023072656 0
141023073656 0
141023074929 0
141023075127 0
141023075854 1
141023080828 1
141023081009 0
141023081428 1
141023082131 1
141023082853 1
141023083412 0
141023084435 0
141023084946 1
141023085233 0
141023090323 1
141023091758 1
141024071256 1
141024072202 1
141024072636 0
141024073214 1
141024073828 0
141024080119 0
141024080653 0
141024081047 0
141024081454 0
141024082109 0
141024082533 0
141024082937 0
141024084313 1
141024084602 0
141024084811 1
141024085401 0
141024085809 0
141024093002 1
141025072150 0
141025072440 1
141025073242 0
141025073759 0
141025074301 0
141025074820 0
141025075245 0
141025075846 1
141025080615 0
141025081031 1
141025081640 0
141025082238 0
141025082727 0
141025083138 1
141025083436 1
141025084929 0
141025085355 0
141025085743 0
141025090113 0
141025090810 0
141025091211 0
141026072209 0
141026072920 0
141026073239 1
141026073839 0
141026074449 0
141026075115 0
141026075607 0
141026075943 0
141026080519 0
141026080829 0
141026081420 0
141026082825 0
141026083201 1
141026083539 0
141026084120 0
141026085033 0
141026085351 0
141026090942 0
141026091653 0
141027072333 0
141027072656 0
141027073006 0
141027073653 1
141027075124 0
141027075912 0
141027080836 0
141027082153 0
141027082453 0
141027083012 0
141027083523 0
141027084021 0
141027084325 0
141027085153 1
141027085601 0
141027090224 0
141027090729 0
141027091956 0
141027093018 0
141027094351 0
141028072851 1
141028073329 0
141028073850 1
141028074242 1
141028074635 1
141028080238 0
141028080805 0
141028081222 0
141028081946 0
141028082226 0
141028082916 1
141028083438 0
141028085853 0
141029071723 0
141029072220 1
141029072757 0
141029073250 0
141029074156 0
141029074525 1
141029075031 1
141029075637 0
141029080308 0
141029080750 0
141029081515 0
141029082903 0
141029090313 0
141030072217 0
141030072712 1
141030073128 0
141030073743 0
141030074439 0
141030075521 0
141030080120 0
141030080551 1
141030080946 0
141030082905 0
141030083239 0
141030084523 0
141030085256 0
141030090031 0
141030090947 1
141031071947 1
141031073225 0
141031073607 0
141031074508 1
141031081252 0
141031082425 0
141031082914 0
141031090317 1
141101072308 0
141101072802 0
141101074659 0
141101075325 1
141101080146 1
141101081016 0
141101081333 0
141101082420 0
141101083149 1
141101083712 0
141101084657 0
141101085545 0
141101085724 1
141101091659 0
141101091958 0
141101094158 0
141102072544 1
141102072832 1
141102073336 1
141102074707 0
141102074913 1
141102075731 1
141102080019 0
141102080831 0
141102081313 1
141102081855 0
141102085500 0
141102090617 0
141103072239 0
141103073219 1
141103073634 0
141103074303 0
141103074944 0
141103075621 1
141103075914 0
141103080503 1
141103081152 0
141103082028 1
141103082805 1
141104072047 1
141104072517 0
141104072926 0
141104073307 0
141104074418 1
141104074959 0
141104075429 1
141104080447 0
141104080824 0
141104081930 0
141104082356 0
141104082854 0
141104083424 1
141104083824 1
141104091244 1
141104091544 1
141104091905 0
141105074513 0
141105074810 0
141105075938 0
141105081603 0
141105081852 1
141105082240 0
141105082654 1
141105083107 1
141105083705 0
141105084116 0
141105084832 0
141105085119 0
141105085607 0
141105090123 1
141105090831 0
141105093615 1
141106074042 0
141106074326 0
141106074950 1
141106075301 1
141106075713 0
141106080506 1
141106081002 1
141106081437 0
141106082012 0
141106082441 0
141106082754 1
141106083158 0
141106084138 1
141106084941 0
141106085251 1
141106090539 0
141106090830 0
141107072641 0
141107073235 0
141107073738 1
141107074521 0
141107074731 0
141107080452 0
141107081026 0
141107081446 0
141107081959 1
141107082234 0
141107084907 1
141107085420 1
141107092846 1
141107093211 1
141108074325 0
141108075338 0
141108080552 1
141108081300 0
141108081801 0
141108082415 0
141108082906 1
141108083752 0
141108084834 1
141108085516 0
141108090321 0
141108090606 0
141108091141 0
141108092632 0
141109072504 0
141109073127 0
141109073549 1
141109074103 0
141109074603 0
141109075046 1
141109075544 1
141109080026 0
141109081438 0
141109081904 1
141109082844 0
141110071807 1
141110072056 1
141110072500 0
141110072844 0
141110073240 0
141110074448 0
141110074839 0
141110075848 0
141110080640 1
141110081157 0
141110082010 0
141110082538 0
141110082917 0
141110083453 0
141110084427 1
141110084707 0
141111071649 0
141111072106 0
141111072420 0
141111072852 0
141111073340 0
141111074110 0
141111074651 0
141111075018 0
141111075536 1
141111075737 0
141111080637 0
141111081111 0
141111082012 0
141111082253 0
141111082816 1
141111083147 0
141111083940 0
141111084341 1
141111090150 0
141111093349 0
141111094717 0
141112072347 0
141112072658 0
141112073120 1
141112073608 1
141112074256 0
141112075037 0
141112075437 0
141112080540 0
141112080821 1
141113072235 0
141113072640 0
141113072921 0
141113073823 0
141113074301 0
141113075710 0
141113081057 0
141113081300 1
141113081522 1
141113082532 1
141113083043 1
141113084542 1
141113085005 0
141114072611 0
141114073107 0
141114073900 0
141114074535 0
141114075356 0
141114075557 0
141114080200 0
141114080600 1
141114081112 0
141114081510 0
141114082129 0
141114082819 0
141114083422 0
141114085710 0
141114094028 0
141115072347 1
141115072912 0
141115074501 0
141115075004 0
141115080114 0
141115081935 1
141115082627 1
141115083105 1
141115085236 0
141115090629 0
141115091717 0
141115092436 1
141115092930 0
141115093525 1
141115094601 0
141115094921 1
141116072522 0
141116073025 1
141116073513 1
141116073903 0
141116074721 0
141116075049 1
141116081005 0
141116081625 0
141116081851 0
141116082542 1
141116085412 0
141116085920 0
141116090255 0
141117071023 0
141117071415 0
141117071828 0
141117072102 1
141117072525 1
141117073009 0
141117073649 0
141117073920 0
141117074507 1
141117075529 0
141117075841 0
141117080514 0
141117080916 0
141117081415 0
141117081849 0
141117082633 0
141117085503 1
141118072409 1
141118072959 1
141118073423 1
141118074154 0
141118075328 0
141118075938 1
141118080714 1
141118081211 1
141118081656 0
141118082304 1
141118082748 0
141118083335 1
141118083725 0
141118085020 1
141118085410 0
141119071639 1
141119072135 1
141119072828 0
141119073453 0
141119074707 1
141119075017 1
141119080114 0
141119080547 1
141119081133 0
141119083444 0
141119083818 0
141119084346 1
141119085047 1
141119085420 0
141119085806 0
141119090121 0
141119093113 1
141120071627 0
141120072127 0
141120072612 0
141120073033 0
141120073547 0
141120074003 1
141120074454 0
141120074835 0
141120075319 1
141120075900 0
141120080357 1
141120081303 1
141120082811 0
141120085510 0
141121072250 0
141121073146 0
141121074726 1
141121075615 1
141121080444 1
141121081838 1
141121082419 1
141121082746 1
141121083607 0
141121083925 1
141121085637 0
141121090028 0
141121090448 1
141121091205 1
141121092349 0
141123071242 0
141123072432 1
141123074025 1
141123074405 1
141123074635 0
141123075228 1
141123075827 1
141123080236 0
141123081746 1
141123082631 1
141123082828 1
141123083402 0
141123084027 0
141123084527 1
141123085657 0
141123091208 1
141123091636 0
141124071521 1
141124072332 0
141124072735 1
141124073307 1
141124073656 1
141124074655 1
141124075152 1
141124080903 1
141124083300 0
141124083734 1
141124085901 1
141125074302 0
141125075154 0
141125080714 1
141125081431 0
141125082039 1
141125082438 0
141125083709 0
141125084329 1
141125090333 0
141125091152 0
141127072743 0
141127073401 1
141127074031 1
141127074543 0
141127075014 1
141127080011 1
141127080547 0
141127081108 0
141127081543 1
141127081939 1
141127082407 1
141127084316 0
141128071959 1
141128072409 1
141128073018 0
141128073451 0
141128075607 1
141128075905 0
141128083823 1
141128084113 1
141128090114 1
141128092003 1
141129073020 0
141129073722 1
